1000
152120000.000000 14056.000000 10875.000000 0.000000 -21.000000 
203360000.000000 1289.000000 13948.000000 22.000000 -23.000000 
30620000.000000 12348.000000 141.000000 -22.000000 -19.000000 
149030000.000000 1904.000000 3834.000000 -2.000000 -5.000000 
322050000.000000 11747.000000 9902.000000 11.000000 -21.000000 
187540000.000000 3319.000000 12743.000000 -23.000000 -13.000000 
48960000.000000 319.000000 9758.000000 -24.000000 10.000000 
268160000.000000 13850.000000 6990.000000 19.000000 15.000000 
58030000.000000 209.000000 12332.000000 14.000000 13.000000 
293280000.000000 18598.000000 13295.000000 16.000000 22.000000 
53260000.000000 9448.000000 556.000000 22.000000 -7.000000 
130710000.000000 14671.000000 684.000000 6.000000 22.000000 
27930000.000000 4760.000000 8436.000000 19.000000 15.000000 
130410000.000000 14307.000000 12383.000000 -5.000000 2.000000 
164470000.000000 5575.000000 14389.000000 -19.000000 15.000000 
59660000.000000 8669.000000 18005.000000 6.000000 4.000000 
321730000.000000 13655.000000 10872.000000 2.000000 2.000000 
15590000.000000 3458.000000 12681.000000 -11.000000 12.000000 
56170000.000000 1559.000000 11063.000000 -6.000000 -19.000000 
195770000.000000 9001.000000 817.000000 -19.000000 -17.000000 
303060000.000000 1628.000000 12673.000000 4.000000 9.000000 
220250000.000000 14405.000000 9401.000000 21.000000 -8.000000 
225910000.000000 5939.000000 4976.000000 -7.000000 -5.000000 
98990000.000000 13866.000000 6341.000000 11.000000 7.000000 
135660000.000000 5427.000000 2358.000000 -25.000000 15.000000 
201120000.000000 1693.000000 6923.000000 -22.000000 -17.000000 
256730000.000000 13226.000000 12584.000000 -19.000000 7.000000 
17220000.000000 6835.000000 10280.000000 11.000000 18.000000 
226620000.000000 9409.000000 17020.000000 -7.000000 -12.000000 
76630000.000000 13456.000000 13917.000000 16.000000 -9.000000 
222970000.000000 8849.000000 173.000000 -21.000000 14.000000 
268840000.000000 11479.000000 19798.000000 22.000000 22.000000 
235030000.000000 6578.000000 10303.000000 -1.000000 3.000000 
222330000.000000 5595.000000 11687.000000 -1.000000 -1.000000 
89650000.000000 5752.000000 3487.000000 -5.000000 -20.000000 
265050000.000000 13640.000000 15878.000000 14.000000 3.000000 
114000000.000000 16080.000000 850.000000 -5.000000 -11.000000 
265250000.000000 89.000000 11018.000000 17.000000 16.000000 
310560000.000000 127.000000 6093.000000 6.000000 -22.000000 
172110000.000000 4128.000000 6393.000000 -18.000000 -8.000000 
246940000.000000 2549.000000 4915.000000 9.000000 -11.000000 
232050000.000000 3204.000000 10566.000000 23.000000 4.000000 
112860000.000000 15241.000000 10975.000000 -12.000000 18.000000 
185780000.000000 3651.000000 2195.000000 2.000000 -18.000000 
197120000.000000 11521.000000 2129.000000 -4.000000 23.000000 
215350000.000000 9435.000000 19761.000000 -17.000000 22.000000 
277510000.000000 8433.000000 13589.000000 21.000000 23.000000 
90600000.000000 18916.000000 9071.000000 -11.000000 -9.000000 
12600000.000000 11407.000000 2386.000000 2.000000 21.000000 
2500000.000000 612.000000 7716.000000 -15.000000 -12.000000 
22260000.000000 3899.000000 9967.000000 17.000000 -4.000000 
301960000.000000 9222.000000 3565.000000 23.000000 -17.000000 
1040000.000000 12389.000000 15152.000000 8.000000 -22.000000 
274130000.000000 19.000000 8823.000000 -14.000000 -10.000000 
39420000.000000 2958.000000 19182.000000 -5.000000 -3.000000 
182500000.000000 3909.000000 463.000000 -19.000000 -3.000000 
295170000.000000 2570.000000 8739.000000 -4.000000 -20.000000 
262920000.000000 10508.000000 19279.000000 -6.000000 24.000000 
311880000.000000 2433.000000 6522.000000 -10.000000 2.000000 
73630000.000000 1494.000000 18212.000000 17.000000 6.000000 
55370000.000000 7453.000000 7269.000000 19.000000 9.000000 
33800000.000000 4581.000000 9238.000000 -16.000000 0.000000 
172410000.000000 13747.000000 12230.000000 14.000000 -5.000000 
212260000.000000 7468.000000 259.000000 -2.000000 4.000000 
251790000.000000 16451.000000 10705.000000 0.000000 -12.000000 
309760000.000000 18831.000000 3596.000000 13.000000 23.000000 
42820000.000000 2303.000000 17680.000000 -8.000000 -11.000000 
24390000.000000 6237.000000 5020.000000 -17.000000 -13.000000 
42040000.000000 7264.000000 4812.000000 -23.000000 14.000000 
140210000.000000 18550.000000 7164.000000 11.000000 18.000000 
194080000.000000 4814.000000 653.000000 -5.000000 -21.000000 
140700000.000000 17827.000000 16460.000000 4.000000 -10.000000 
189400000.000000 9225.000000 7752.000000 -23.000000 17.000000 
81620000.000000 15974.000000 8050.000000 -17.000000 1.000000 
223740000.000000 11855.000000 10307.000000 -15.000000 -23.000000 
140110000.000000 8870.000000 18639.000000 -8.000000 -11.000000 
260970000.000000 10457.000000 3111.000000 -10.000000 0.000000 
46430000.000000 13520.000000 15883.000000 9.000000 -18.000000 
162240000.000000 517.000000 9688.000000 -24.000000 -9.000000 
264520000.000000 2938.000000 7097.000000 23.000000 18.000000 
101670000.000000 9602.000000 7773.000000 4.000000 -18.000000 
145120000.000000 1004.000000 5325.000000 -1.000000 -21.000000 
23350000.000000 11231.000000 3595.000000 23.000000 12.000000 
110870000.000000 196.000000 12296.000000 -19.000000 -20.000000 
187480000.000000 13926.000000 8280.000000 -3.000000 -20.000000 
231050000.000000 16065.000000 11224.000000 -8.000000 -24.000000 
20810000.000000 3469.000000 14113.000000 -20.000000 11.000000 
249890000.000000 3778.000000 6292.000000 24.000000 -20.000000 
213070000.000000 6694.000000 5155.000000 6.000000 -20.000000 
247250000.000000 4451.000000 17820.000000 9.000000 -24.000000 
232770000.000000 16688.000000 1635.000000 23.000000 21.000000 
105340000.000000 2828.000000 12169.000000 22.000000 7.000000 
19790000.000000 2234.000000 6057.000000 10.000000 3.000000 
33630000.000000 1723.000000 13452.000000 21.000000 13.000000 
297420000.000000 1875.000000 12421.000000 20.000000 -21.000000 
9270000.000000 18997.000000 10326.000000 -23.000000 -16.000000 
253040000.000000 3906.000000 2967.000000 24.000000 -16.000000 
38550000.000000 717.000000 14867.000000 16.000000 0.000000 
215350000.000000 10937.000000 4105.000000 -11.000000 -12.000000 
111610000.000000 11894.000000 13925.000000 -23.000000 -11.000000 
301460000.000000 443.000000 11780.000000 14.000000 11.000000 
282560000.000000 11381.000000 14726.000000 18.000000 20.000000 
220570000.000000 11798.000000 1700.000000 20.000000 -3.000000 
127630000.000000 11500.000000 11885.000000 1.000000 -16.000000 
81960000.000000 9462.000000 4757.000000 15.000000 14.000000 
1130000.000000 2899.000000 8729.000000 0.000000 0.000000 
140240000.000000 15650.000000 17665.000000 -20.000000 10.000000 
138100000.000000 7968.000000 12518.000000 22.000000 3.000000 
273990000.000000 7877.000000 16796.000000 -17.000000 -1.000000 
229500000.000000 2377.000000 5334.000000 12.000000 17.000000 
137480000.000000 5450.000000 11077.000000 -22.000000 -25.000000 
199750000.000000 12359.000000 12637.000000 -4.000000 23.000000 
30310000.000000 183.000000 13856.000000 18.000000 -16.000000 
287700000.000000 1250.000000 12779.000000 8.000000 15.000000 
307820000.000000 8297.000000 2515.000000 0.000000 20.000000 
291700000.000000 4267.000000 10313.000000 15.000000 -12.000000 
202620000.000000 8518.000000 18946.000000 -7.000000 -7.000000 
259100000.000000 309.000000 419.000000 2.000000 5.000000 
40880000.000000 14423.000000 944.000000 -3.000000 9.000000 
321410000.000000 1129.000000 125.000000 -15.000000 -24.000000 
295830000.000000 2350.000000 606.000000 15.000000 -14.000000 
93080000.000000 4489.000000 16760.000000 -1.000000 -17.000000 
188420000.000000 19009.000000 8137.000000 -15.000000 18.000000 
77550000.000000 3932.000000 4445.000000 8.000000 -14.000000 
138530000.000000 16352.000000 8241.000000 12.000000 13.000000 
216040000.000000 9403.000000 10566.000000 0.000000 0.000000 
102740000.000000 11704.000000 17362.000000 21.000000 -20.000000 
163940000.000000 1337.000000 2997.000000 9.000000 9.000000 
53890000.000000 12599.000000 6458.000000 -15.000000 10.000000 
179650000.000000 3069.000000 2083.000000 7.000000 -15.000000 
123470000.000000 8365.000000 9746.000000 -21.000000 13.000000 
197500000.000000 6492.000000 4840.000000 22.000000 16.000000 
32810000.000000 6730.000000 3843.000000 7.000000 12.000000 
230640000.000000 6976.000000 7790.000000 2.000000 -22.000000 
265930000.000000 6493.000000 17789.000000 21.000000 10.000000 
219680000.000000 66.000000 16103.000000 0.000000 -24.000000 
213340000.000000 3139.000000 2785.000000 -12.000000 -15.000000 
37050000.000000 5461.000000 5284.000000 21.000000 23.000000 
118430000.000000 3529.000000 3297.000000 -9.000000 13.000000 
293430000.000000 7800.000000 11458.000000 -25.000000 9.000000 
218960000.000000 2671.000000 11321.000000 24.000000 5.000000 
110880000.000000 10928.000000 6010.000000 -3.000000 -15.000000 
204580000.000000 18250.000000 2597.000000 -3.000000 11.000000 
303090000.000000 4404.000000 14979.000000 -20.000000 0.000000 
315070000.000000 214.000000 15941.000000 -20.000000 10.000000 
161830000.000000 4526.000000 7048.000000 -11.000000 11.000000 
315120000.000000 2082.000000 4590.000000 -9.000000 4.000000 
172200000.000000 16386.000000 4344.000000 22.000000 -14.000000 
298050000.000000 14413.000000 599.000000 -22.000000 -8.000000 
249870000.000000 696.000000 770.000000 10.000000 23.000000 
308360000.000000 1397.000000 14532.000000 2.000000 -11.000000 
222740000.000000 5377.000000 5297.000000 2.000000 0.000000 
59060000.000000 6442.000000 7037.000000 -9.000000 18.000000 
282070000.000000 10920.000000 7244.000000 -12.000000 -3.000000 
194290000.000000 186.000000 5236.000000 -3.000000 18.000000 
252420000.000000 12654.000000 17994.000000 12.000000 17.000000 
30870000.000000 1143.000000 773.000000 19.000000 18.000000 
116790000.000000 11243.000000 12366.000000 11.000000 21.000000 
86360000.000000 7564.000000 118.000000 16.000000 -2.000000 
2760000.000000 8129.000000 11082.000000 -3.000000 -25.000000 
216990000.000000 7466.000000 6882.000000 8.000000 -20.000000 
80670000.000000 7655.000000 17061.000000 -11.000000 -14.000000 
112860000.000000 2917.000000 1650.000000 21.000000 24.000000 
249840000.000000 7894.000000 5134.000000 24.000000 18.000000 
271060000.000000 18740.000000 5807.000000 -12.000000 -15.000000 
229320000.000000 62.000000 988.000000 3.000000 -8.000000 
216340000.000000 18477.000000 15614.000000 16.000000 0.000000 
309100000.000000 4046.000000 19583.000000 -19.000000 -8.000000 
309070000.000000 2488.000000 564.000000 -13.000000 -17.000000 
123230000.000000 4467.000000 12859.000000 15.000000 -20.000000 
260790000.000000 12942.000000 4746.000000 -6.000000 -25.000000 
33690000.000000 11671.000000 8203.000000 10.000000 7.000000 
7000000.000000 11390.000000 15846.000000 2.000000 3.000000 
71110000.000000 11500.000000 16351.000000 3.000000 -1.000000 
47450000.000000 3627.000000 11071.000000 7.000000 -15.000000 
131410000.000000 9129.000000 4913.000000 -3.000000 6.000000 
253960000.000000 19112.000000 8435.000000 5.000000 -8.000000 
41830000.000000 2264.000000 3722.000000 15.000000 -15.000000 
314140000.000000 18418.000000 11589.000000 5.000000 0.000000 
32460000.000000 11793.000000 15166.000000 -7.000000 -5.000000 
326010000.000000 18596.000000 477.000000 -21.000000 6.000000 
146160000.000000 9811.000000 9947.000000 22.000000 -1.000000 
59150000.000000 5200.000000 11716.000000 18.000000 3.000000 
240350000.000000 9843.000000 6648.000000 1.000000 -21.000000 
93550000.000000 19298.000000 9958.000000 -5.000000 9.000000 
200250000.000000 6759.000000 10112.000000 1.000000 2.000000 
112200000.000000 9859.000000 1581.000000 17.000000 21.000000 
206020000.000000 523.000000 8120.000000 -2.000000 6.000000 
227440000.000000 2216.000000 557.000000 5.000000 8.000000 
305890000.000000 2740.000000 3946.000000 -25.000000 24.000000 
101160000.000000 9013.000000 8505.000000 -14.000000 13.000000 
296050000.000000 13076.000000 16125.000000 -14.000000 16.000000 
86410000.000000 2404.000000 120.000000 15.000000 7.000000 
287270000.000000 2803.000000 10241.000000 -25.000000 -1.000000 
47920000.000000 5159.000000 10769.000000 11.000000 23.000000 
205650000.000000 10413.000000 7294.000000 8.000000 21.000000 
13400000.000000 10593.000000 16274.000000 -19.000000 1.000000 
247010000.000000 13847.000000 15034.000000 14.000000 14.000000 
295860000.000000 1484.000000 16623.000000 -14.000000 -6.000000 
93570000.000000 18488.000000 15999.000000 -16.000000 -6.000000 
186830000.000000 10397.000000 8693.000000 -3.000000 9.000000 
80860000.000000 10677.000000 5222.000000 -21.000000 -2.000000 
188520000.000000 7415.000000 5157.000000 17.000000 -12.000000 
66500000.000000 4868.000000 6151.000000 11.000000 23.000000 
132920000.000000 10394.000000 6091.000000 5.000000 10.000000 
214290000.000000 1061.000000 15340.000000 17.000000 19.000000 
15630000.000000 15990.000000 7004.000000 0.000000 13.000000 
30090000.000000 9421.000000 9201.000000 18.000000 11.000000 
220180000.000000 11411.000000 15922.000000 19.000000 -7.000000 
89380000.000000 6921.000000 6394.000000 10.000000 -6.000000 
92470000.000000 3681.000000 12575.000000 11.000000 -10.000000 
121840000.000000 3874.000000 6978.000000 8.000000 -16.000000 
67070000.000000 9554.000000 8542.000000 -15.000000 -8.000000 
269660000.000000 10412.000000 11703.000000 -19.000000 -18.000000 
177830000.000000 10797.000000 5785.000000 4.000000 -20.000000 
138500000.000000 15142.000000 19450.000000 0.000000 21.000000 
99230000.000000 8063.000000 17827.000000 20.000000 -21.000000 
103990000.000000 1582.000000 10363.000000 -24.000000 20.000000 
305770000.000000 12678.000000 7579.000000 8.000000 -18.000000 
139090000.000000 1051.000000 8014.000000 1.000000 19.000000 
204170000.000000 15610.000000 16594.000000 19.000000 10.000000 
93810000.000000 7871.000000 10947.000000 -8.000000 -13.000000 
10250000.000000 5308.000000 1250.000000 19.000000 23.000000 
308850000.000000 8251.000000 15636.000000 -2.000000 2.000000 
81440000.000000 10892.000000 13922.000000 18.000000 6.000000 
249480000.000000 17865.000000 7295.000000 14.000000 23.000000 
294810000.000000 11740.000000 4280.000000 0.000000 -14.000000 
298940000.000000 17576.000000 1696.000000 8.000000 16.000000 
151440000.000000 5146.000000 7635.000000 -12.000000 24.000000 
303300000.000000 5107.000000 11182.000000 8.000000 -6.000000 
83470000.000000 18946.000000 18714.000000 2.000000 20.000000 
59250000.000000 9575.000000 526.000000 5.000000 13.000000 
84130000.000000 11035.000000 718.000000 -1.000000 -20.000000 
273860000.000000 6947.000000 11373.000000 -22.000000 12.000000 
24590000.000000 11021.000000 505.000000 -14.000000 7.000000 
85680000.000000 9128.000000 2752.000000 -15.000000 12.000000 
36800000.000000 6476.000000 6033.000000 13.000000 -7.000000 
40330000.000000 12291.000000 8043.000000 -8.000000 -18.000000 
141190000.000000 1139.000000 2884.000000 -12.000000 -2.000000 
149910000.000000 8233.000000 1643.000000 24.000000 -23.000000 
23720000.000000 9538.000000 14858.000000 9.000000 -9.000000 
25850000.000000 4743.000000 10047.000000 -5.000000 9.000000 
267140000.000000 4790.000000 16677.000000 8.000000 -5.000000 
3620000.000000 6298.000000 10796.000000 6.000000 12.000000 
213150000.000000 11743.000000 8545.000000 -2.000000 7.000000 
10200000.000000 11597.000000 12030.000000 -25.000000 -6.000000 
248460000.000000 14551.000000 12010.000000 -10.000000 3.000000 
142210000.000000 7491.000000 6016.000000 -9.000000 22.000000 
195860000.000000 5000.000000 16506.000000 20.000000 -4.000000 
137070000.000000 453.000000 2695.000000 4.000000 -5.000000 
1950000.000000 19370.000000 12007.000000 -16.000000 -16.000000 
221610000.000000 9733.000000 17684.000000 -19.000000 16.000000 
20650000.000000 4405.000000 7834.000000 6.000000 -21.000000 
152950000.000000 16947.000000 12321.000000 -15.000000 14.000000 
14690000.000000 4329.000000 11834.000000 20.000000 20.000000 
94680000.000000 5790.000000 8633.000000 -24.000000 9.000000 
58150000.000000 13226.000000 6218.000000 -20.000000 23.000000 
287670000.000000 3218.000000 12519.000000 -12.000000 -11.000000 
83060000.000000 5388.000000 11567.000000 8.000000 -5.000000 
77630000.000000 9360.000000 11068.000000 -17.000000 5.000000 
194380000.000000 6758.000000 7769.000000 6.000000 1.000000 
141310000.000000 6330.000000 4002.000000 24.000000 8.000000 
151390000.000000 11225.000000 8996.000000 20.000000 17.000000 
170060000.000000 16324.000000 2613.000000 -4.000000 0.000000 
2980000.000000 17529.000000 14822.000000 -14.000000 -21.000000 
298150000.000000 6085.000000 6167.000000 9.000000 -11.000000 
66020000.000000 8376.000000 12367.000000 3.000000 7.000000 
82040000.000000 2634.000000 6109.000000 -24.000000 7.000000 
70070000.000000 699.000000 670.000000 1.000000 15.000000 
83400000.000000 5902.000000 7298.000000 -3.000000 23.000000 
138770000.000000 14570.000000 414.000000 4.000000 -16.000000 
119440000.000000 6884.000000 6469.000000 23.000000 15.000000 
222110000.000000 12730.000000 11875.000000 -9.000000 15.000000 
115310000.000000 10235.000000 1059.000000 -23.000000 -6.000000 
318570000.000000 1979.000000 4159.000000 18.000000 -25.000000 
193400000.000000 3652.000000 1060.000000 -19.000000 6.000000 
73770000.000000 16660.000000 10797.000000 -6.000000 -10.000000 
119540000.000000 10941.000000 1303.000000 13.000000 -6.000000 
193060000.000000 821.000000 3808.000000 -6.000000 2.000000 
281970000.000000 13170.000000 10161.000000 22.000000 -5.000000 
267670000.000000 5797.000000 3733.000000 -25.000000 5.000000 
2920000.000000 2228.000000 5962.000000 23.000000 -15.000000 
240170000.000000 1206.000000 3705.000000 -4.000000 -5.000000 
265190000.000000 7441.000000 562.000000 -25.000000 -14.000000 
320170000.000000 418.000000 12559.000000 -13.000000 6.000000 
223880000.000000 17687.000000 7563.000000 4.000000 -8.000000 
325750000.000000 16420.000000 17416.000000 -21.000000 19.000000 
167850000.000000 3428.000000 15635.000000 2.000000 -24.000000 
292470000.000000 5895.000000 12342.000000 3.000000 -2.000000 
281940000.000000 17492.000000 5440.000000 -10.000000 22.000000 
126970000.000000 3839.000000 18237.000000 6.000000 -25.000000 
41950000.000000 7725.000000 10491.000000 14.000000 -2.000000 
235090000.000000 2989.000000 18350.000000 -19.000000 14.000000 
210720000.000000 16340.000000 15836.000000 -15.000000 15.000000 
99080000.000000 8375.000000 11032.000000 17.000000 17.000000 
195350000.000000 17814.000000 2138.000000 5.000000 -3.000000 
37530000.000000 9824.000000 1061.000000 9.000000 -12.000000 
292380000.000000 12995.000000 5229.000000 1.000000 -1.000000 
128580000.000000 10176.000000 9614.000000 22.000000 20.000000 
15660000.000000 5555.000000 2215.000000 -24.000000 -12.000000 
184820000.000000 8399.000000 3260.000000 -25.000000 8.000000 
273480000.000000 16622.000000 12026.000000 -18.000000 14.000000 
60930000.000000 1475.000000 4979.000000 -15.000000 23.000000 
28040000.000000 6759.000000 7721.000000 -6.000000 8.000000 
154300000.000000 3653.000000 12709.000000 7.000000 11.000000 
181520000.000000 18925.000000 6572.000000 -9.000000 -7.000000 
228910000.000000 8790.000000 8116.000000 -19.000000 17.000000 
193020000.000000 16965.000000 19027.000000 -15.000000 -17.000000 
197470000.000000 18999.000000 1100.000000 -2.000000 -2.000000 
89930000.000000 19587.000000 12140.000000 -20.000000 -7.000000 
271540000.000000 12590.000000 7651.000000 19.000000 22.000000 
66020000.000000 9594.000000 6134.000000 1.000000 12.000000 
291060000.000000 7423.000000 7418.000000 9.000000 -11.000000 
275390000.000000 12323.000000 8717.000000 18.000000 8.000000 
267890000.000000 2771.000000 2648.000000 -17.000000 15.000000 
50700000.000000 8105.000000 19665.000000 -11.000000 -21.000000 
35930000.000000 4200.000000 4535.000000 0.000000 -22.000000 
98350000.000000 15221.000000 15019.000000 -19.000000 14.000000 
181910000.000000 8852.000000 4373.000000 -21.000000 8.000000 
192780000.000000 6198.000000 13131.000000 -14.000000 -14.000000 
169440000.000000 4970.000000 13968.000000 5.000000 -20.000000 
327400000.000000 13112.000000 9748.000000 -2.000000 -8.000000 
4230000.000000 10909.000000 6571.000000 -11.000000 4.000000 
6080000.000000 11078.000000 12932.000000 -9.000000 -12.000000 
294770000.000000 8440.000000 2073.000000 -21.000000 -5.000000 
29380000.000000 9674.000000 7876.000000 -23.000000 12.000000 
191570000.000000 11846.000000 17595.000000 6.000000 21.000000 
37610000.000000 18726.000000 6024.000000 -4.000000 -12.000000 
46430000.000000 215.000000 6900.000000 -17.000000 20.000000 
282540000.000000 15301.000000 2807.000000 -3.000000 -14.000000 
202110000.000000 2124.000000 5023.000000 13.000000 6.000000 
143580000.000000 14507.000000 3877.000000 -23.000000 7.000000 
261440000.000000 8113.000000 849.000000 15.000000 -17.000000 
264110000.000000 12748.000000 8923.000000 -22.000000 0.000000 
298150000.000000 11205.000000 3946.000000 0.000000 -8.000000 
98190000.000000 7609.000000 7102.000000 23.000000 -8.000000 
234460000.000000 17322.000000 18808.000000 -18.000000 2.000000 
263290000.000000 7366.000000 12356.000000 8.000000 -7.000000 
154400000.000000 6544.000000 16172.000000 -8.000000 -22.000000 
128950000.000000 2024.000000 3840.000000 -22.000000 4.000000 
78120000.000000 14963.000000 6277.000000 -6.000000 -15.000000 
120160000.000000 4393.000000 16003.000000 13.000000 21.000000 
98700000.000000 15307.000000 8154.000000 -13.000000 7.000000 
118750000.000000 8707.000000 15221.000000 6.000000 9.000000 
6920000.000000 3037.000000 7347.000000 12.000000 12.000000 
104940000.000000 13338.000000 3672.000000 -8.000000 -19.000000 
161980000.000000 9193.000000 16109.000000 17.000000 11.000000 
311360000.000000 16563.000000 3128.000000 23.000000 7.000000 
323200000.000000 5039.000000 4092.000000 -12.000000 -18.000000 
274680000.000000 12084.000000 8039.000000 -18.000000 7.000000 
142610000.000000 5827.000000 1065.000000 -19.000000 1.000000 
294650000.000000 3035.000000 11880.000000 -6.000000 21.000000 
149290000.000000 11643.000000 1246.000000 -21.000000 -9.000000 
78850000.000000 3527.000000 6057.000000 -24.000000 -21.000000 
121970000.000000 3725.000000 13376.000000 18.000000 19.000000 
81120000.000000 7044.000000 3711.000000 -6.000000 -25.000000 
322960000.000000 910.000000 15426.000000 -13.000000 1.000000 
149360000.000000 7202.000000 16324.000000 20.000000 -20.000000 
48780000.000000 12780.000000 3448.000000 -14.000000 7.000000 
60120000.000000 16571.000000 17156.000000 16.000000 7.000000 
308160000.000000 17190.000000 9977.000000 2.000000 22.000000 
182000000.000000 14419.000000 2845.000000 -24.000000 12.000000 
122860000.000000 8774.000000 13130.000000 -14.000000 -4.000000 
36750000.000000 2553.000000 1791.000000 -17.000000 18.000000 
108660000.000000 7112.000000 1511.000000 -3.000000 -13.000000 
87690000.000000 5518.000000 3532.000000 3.000000 -8.000000 
268110000.000000 10041.000000 1132.000000 -25.000000 -25.000000 
30120000.000000 9251.000000 18893.000000 20.000000 5.000000 
313540000.000000 8338.000000 10724.000000 -20.000000 -1.000000 
286770000.000000 364.000000 8337.000000 -22.000000 -19.000000 
97670000.000000 8177.000000 19856.000000 -2.000000 -24.000000 
96960000.000000 18291.000000 12532.000000 -8.000000 12.000000 
120900000.000000 2253.000000 14176.000000 12.000000 2.000000 
132550000.000000 11318.000000 12133.000000 15.000000 -20.000000 
282610000.000000 18580.000000 11918.000000 6.000000 19.000000 
214660000.000000 822.000000 7448.000000 12.000000 14.000000 
231330000.000000 5383.000000 710.000000 -19.000000 18.000000 
167830000.000000 12738.000000 18771.000000 -20.000000 -25.000000 
173400000.000000 11680.000000 4191.000000 -7.000000 -8.000000 
111230000.000000 6871.000000 9743.000000 -18.000000 -6.000000 
299510000.000000 13728.000000 14276.000000 -7.000000 5.000000 
319350000.000000 9916.000000 520.000000 24.000000 17.000000 
122170000.000000 8471.000000 12299.000000 -11.000000 2.000000 
76430000.000000 4636.000000 5842.000000 -20.000000 1.000000 
129060000.000000 12227.000000 10666.000000 14.000000 24.000000 
61500000.000000 10439.000000 19144.000000 -5.000000 13.000000 
78330000.000000 12728.000000 6597.000000 -9.000000 3.000000 
19800000.000000 6926.000000 6037.000000 -24.000000 6.000000 
197470000.000000 18007.000000 10385.000000 -22.000000 15.000000 
190900000.000000 5509.000000 16226.000000 17.000000 23.000000 
283900000.000000 4785.000000 7029.000000 -9.000000 11.000000 
103920000.000000 1694.000000 12696.000000 11.000000 -20.000000 
210310000.000000 10517.000000 19805.000000 22.000000 21.000000 
119140000.000000 12790.000000 6215.000000 14.000000 3.000000 
228810000.000000 7988.000000 12374.000000 21.000000 9.000000 
218460000.000000 17510.000000 17309.000000 -12.000000 15.000000 
118870000.000000 6940.000000 1573.000000 -22.000000 -5.000000 
155490000.000000 5277.000000 9175.000000 -13.000000 6.000000 
54090000.000000 1192.000000 15104.000000 6.000000 12.000000 
312570000.000000 11565.000000 7804.000000 5.000000 -11.000000 
6990000.000000 1955.000000 13649.000000 -19.000000 -24.000000 
65480000.000000 2057.000000 6907.000000 20.000000 12.000000 
235460000.000000 16096.000000 17992.000000 -17.000000 17.000000 
162090000.000000 7215.000000 1718.000000 3.000000 -7.000000 
3970000.000000 14543.000000 6437.000000 10.000000 -15.000000 
100630000.000000 9266.000000 5850.000000 5.000000 9.000000 
130890000.000000 8945.000000 1990.000000 -10.000000 -4.000000 
261330000.000000 9083.000000 1575.000000 -25.000000 -18.000000 
234130000.000000 12326.000000 2109.000000 9.000000 20.000000 
44620000.000000 705.000000 7813.000000 -1.000000 15.000000 
71830000.000000 9215.000000 12599.000000 7.000000 -6.000000 
122090000.000000 9534.000000 12351.000000 -3.000000 -11.000000 
321410000.000000 9794.000000 17465.000000 17.000000 17.000000 
177730000.000000 6068.000000 10742.000000 19.000000 -20.000000 
45150000.000000 14841.000000 19332.000000 6.000000 -13.000000 
257230000.000000 5600.000000 3249.000000 8.000000 -5.000000 
97970000.000000 12617.000000 1659.000000 -4.000000 -16.000000 
32540000.000000 16578.000000 16249.000000 2.000000 24.000000 
300930000.000000 10598.000000 8706.000000 -22.000000 20.000000 
199480000.000000 9549.000000 15468.000000 -20.000000 -25.000000 
52170000.000000 15003.000000 19950.000000 -8.000000 -23.000000 
153130000.000000 284.000000 10408.000000 2.000000 -4.000000 
209670000.000000 95.000000 15994.000000 -21.000000 6.000000 
143170000.000000 2807.000000 235.000000 4.000000 10.000000 
215680000.000000 13389.000000 10536.000000 -12.000000 14.000000 
109740000.000000 13876.000000 10716.000000 16.000000 -1.000000 
49020000.000000 12639.000000 2956.000000 14.000000 -23.000000 
198230000.000000 18105.000000 5832.000000 8.000000 -11.000000 
285120000.000000 5110.000000 3922.000000 5.000000 -14.000000 
274630000.000000 18082.000000 12482.000000 10.000000 13.000000 
77290000.000000 3095.000000 2575.000000 6.000000 -1.000000 
256640000.000000 30.000000 54.000000 18.000000 6.000000 
5440000.000000 8551.000000 15720.000000 22.000000 19.000000 
283350000.000000 12068.000000 10156.000000 -20.000000 13.000000 
263200000.000000 4327.000000 15003.000000 18.000000 -1.000000 
30980000.000000 13923.000000 13134.000000 10.000000 -23.000000 
316860000.000000 19776.000000 5724.000000 23.000000 -12.000000 
49100000.000000 13477.000000 10249.000000 -18.000000 13.000000 
272090000.000000 2633.000000 3403.000000 20.000000 2.000000 
299490000.000000 2233.000000 17864.000000 18.000000 -16.000000 
32660000.000000 6848.000000 10783.000000 -14.000000 -6.000000 
186260000.000000 13984.000000 12600.000000 -2.000000 -7.000000 
128710000.000000 6864.000000 7100.000000 -22.000000 6.000000 
1920000.000000 9807.000000 14446.000000 -12.000000 24.000000 
18430000.000000 8733.000000 11522.000000 7.000000 -1.000000 
174050000.000000 9766.000000 920.000000 -4.000000 -17.000000 
174040000.000000 19921.000000 12635.000000 -25.000000 8.000000 
50910000.000000 7824.000000 6606.000000 -16.000000 -15.000000 
137350000.000000 2133.000000 12761.000000 1.000000 -22.000000 
291890000.000000 11231.000000 8771.000000 -18.000000 20.000000 
80710000.000000 7167.000000 6078.000000 1.000000 16.000000 
311440000.000000 4648.000000 12687.000000 -22.000000 16.000000 
276880000.000000 14211.000000 3681.000000 -21.000000 -5.000000 
86360000.000000 17389.000000 7772.000000 8.000000 23.000000 
132080000.000000 13405.000000 19984.000000 -25.000000 -9.000000 
285140000.000000 3149.000000 12709.000000 -4.000000 -2.000000 
223880000.000000 11349.000000 6499.000000 14.000000 24.000000 
56920000.000000 2167.000000 11077.000000 9.000000 18.000000 
269630000.000000 1679.000000 1747.000000 19.000000 3.000000 
110220000.000000 5051.000000 6183.000000 18.000000 -9.000000 
201090000.000000 6173.000000 6936.000000 24.000000 -1.000000 
303430000.000000 16323.000000 7862.000000 0.000000 -18.000000 
113800000.000000 7281.000000 7776.000000 -22.000000 -25.000000 
289620000.000000 11263.000000 3360.000000 -22.000000 -16.000000 
108660000.000000 5318.000000 4175.000000 -9.000000 5.000000 
200930000.000000 5508.000000 11563.000000 -7.000000 14.000000 
50420000.000000 7436.000000 8146.000000 8.000000 12.000000 
34910000.000000 18295.000000 6404.000000 -1.000000 6.000000 
266690000.000000 1865.000000 10189.000000 -19.000000 -10.000000 
53910000.000000 14903.000000 11740.000000 -3.000000 21.000000 
34290000.000000 12806.000000 17636.000000 -20.000000 -13.000000 
175300000.000000 16313.000000 12549.000000 16.000000 0.000000 
64150000.000000 4288.000000 10612.000000 10.000000 -17.000000 
275710000.000000 4808.000000 786.000000 8.000000 -25.000000 
134200000.000000 4697.000000 4599.000000 23.000000 -22.000000 
33360000.000000 16628.000000 17415.000000 -16.000000 3.000000 
259120000.000000 5850.000000 8103.000000 5.000000 -14.000000 
28400000.000000 9337.000000 3192.000000 0.000000 15.000000 
126180000.000000 15622.000000 4665.000000 6.000000 -25.000000 
115130000.000000 18803.000000 16080.000000 16.000000 -5.000000 
93070000.000000 2447.000000 5452.000000 3.000000 11.000000 
43800000.000000 6405.000000 17807.000000 -4.000000 5.000000 
193450000.000000 1739.000000 6850.000000 -16.000000 8.000000 
16230000.000000 3944.000000 10723.000000 11.000000 -22.000000 
206720000.000000 6678.000000 16626.000000 -16.000000 -20.000000 
92110000.000000 1794.000000 12231.000000 16.000000 19.000000 
39690000.000000 16338.000000 12319.000000 22.000000 8.000000 
114890000.000000 4328.000000 2415.000000 5.000000 22.000000 
226670000.000000 9525.000000 16660.000000 4.000000 12.000000 
78830000.000000 10405.000000 11723.000000 12.000000 -18.000000 
112500000.000000 7371.000000 148.000000 23.000000 -21.000000 
57870000.000000 1043.000000 9538.000000 -2.000000 19.000000 
44130000.000000 12345.000000 2782.000000 -9.000000 -5.000000 
151420000.000000 2570.000000 8571.000000 18.000000 23.000000 
277600000.000000 6045.000000 18620.000000 -25.000000 4.000000 
316540000.000000 3639.000000 6948.000000 21.000000 13.000000 
208570000.000000 102.000000 9200.000000 -20.000000 2.000000 
276860000.000000 16819.000000 14303.000000 23.000000 15.000000 
296060000.000000 536.000000 277.000000 13.000000 -2.000000 
146750000.000000 3893.000000 6273.000000 -15.000000 1.000000 
299610000.000000 6224.000000 11776.000000 -22.000000 10.000000 
242150000.000000 3600.000000 2809.000000 -4.000000 10.000000 
66540000.000000 16782.000000 2618.000000 -21.000000 -18.000000 
195720000.000000 5731.000000 10598.000000 -17.000000 -12.000000 
202580000.000000 17867.000000 2884.000000 -24.000000 -4.000000 
210970000.000000 6431.000000 8028.000000 -7.000000 -6.000000 
52540000.000000 7171.000000 9296.000000 18.000000 16.000000 
140670000.000000 8146.000000 2223.000000 -13.000000 -2.000000 
201970000.000000 14111.000000 19888.000000 -19.000000 -23.000000 
167410000.000000 1589.000000 11932.000000 -9.000000 2.000000 
184540000.000000 3554.000000 11557.000000 -20.000000 3.000000 
257660000.000000 6098.000000 11648.000000 9.000000 8.000000 
230790000.000000 2048.000000 316.000000 -12.000000 4.000000 
18250000.000000 670.000000 8614.000000 -20.000000 19.000000 
278250000.000000 12465.000000 3061.000000 5.000000 19.000000 
254430000.000000 8373.000000 498.000000 11.000000 3.000000 
88180000.000000 19421.000000 7625.000000 -21.000000 -14.000000 
323110000.000000 14177.000000 19312.000000 -9.000000 -3.000000 
258990000.000000 4679.000000 8302.000000 21.000000 -14.000000 
5920000.000000 6321.000000 12528.000000 13.000000 2.000000 
307960000.000000 9238.000000 1861.000000 9.000000 2.000000 
180990000.000000 17896.000000 8467.000000 -16.000000 -13.000000 
284260000.000000 15292.000000 7926.000000 1.000000 -25.000000 
113890000.000000 19690.000000 6658.000000 -11.000000 -21.000000 
247610000.000000 5650.000000 11884.000000 -10.000000 -22.000000 
106990000.000000 9565.000000 15640.000000 -9.000000 -3.000000 
37580000.000000 17538.000000 12235.000000 4.000000 22.000000 
47900000.000000 6671.000000 16009.000000 -4.000000 -6.000000 
289240000.000000 11409.000000 7313.000000 -18.000000 -19.000000 
201790000.000000 8696.000000 18481.000000 -1.000000 1.000000 
234770000.000000 19283.000000 1547.000000 -2.000000 -19.000000 
308670000.000000 3490.000000 4300.000000 -13.000000 -7.000000 
134750000.000000 7008.000000 8989.000000 -2.000000 -22.000000 
136800000.000000 12568.000000 16489.000000 -22.000000 16.000000 
45060000.000000 1578.000000 5492.000000 4.000000 1.000000 
145460000.000000 10494.000000 4017.000000 15.000000 -16.000000 
86430000.000000 5931.000000 6295.000000 8.000000 4.000000 
105090000.000000 11439.000000 8606.000000 0.000000 -13.000000 
22050000.000000 8213.000000 10990.000000 22.000000 -18.000000 
217350000.000000 18963.000000 14960.000000 21.000000 23.000000 
244490000.000000 6295.000000 7813.000000 -17.000000 -15.000000 
85880000.000000 9667.000000 14829.000000 13.000000 11.000000 
314650000.000000 9483.000000 18664.000000 -18.000000 16.000000 
91700000.000000 8405.000000 9252.000000 3.000000 -8.000000 
252990000.000000 5615.000000 8113.000000 -15.000000 8.000000 
177270000.000000 849.000000 3374.000000 -12.000000 -20.000000 
148330000.000000 10810.000000 6815.000000 -21.000000 -19.000000 
297460000.000000 9782.000000 18051.000000 18.000000 12.000000 
96060000.000000 13726.000000 6542.000000 14.000000 4.000000 
230000.000000 1556.000000 19553.000000 14.000000 -25.000000 
143640000.000000 16676.000000 12454.000000 4.000000 -5.000000 
137200000.000000 10864.000000 5584.000000 19.000000 -11.000000 
316160000.000000 13087.000000 5884.000000 -9.000000 17.000000 
256280000.000000 19430.000000 19592.000000 -24.000000 -3.000000 
27220000.000000 18795.000000 9378.000000 -2.000000 -19.000000 
320300000.000000 9352.000000 18958.000000 -14.000000 -8.000000 
190160000.000000 4081.000000 15690.000000 -18.000000 21.000000 
182060000.000000 3622.000000 16183.000000 12.000000 20.000000 
183590000.000000 15145.000000 2196.000000 -25.000000 6.000000 
310320000.000000 9934.000000 4471.000000 8.000000 -16.000000 
99240000.000000 6255.000000 17980.000000 14.000000 -7.000000 
209070000.000000 4859.000000 1129.000000 -18.000000 -21.000000 
258310000.000000 5412.000000 6012.000000 -7.000000 -16.000000 
104430000.000000 19081.000000 8237.000000 -3.000000 -8.000000 
74910000.000000 7102.000000 10285.000000 -9.000000 6.000000 
295050000.000000 8375.000000 13588.000000 -10.000000 7.000000 
311700000.000000 11138.000000 8155.000000 -14.000000 19.000000 
270060000.000000 5138.000000 784.000000 -11.000000 1.000000 
101720000.000000 6407.000000 4181.000000 6.000000 16.000000 
286130000.000000 9598.000000 12031.000000 22.000000 -23.000000 
27460000.000000 601.000000 6778.000000 -4.000000 -20.000000 
126220000.000000 5663.000000 19601.000000 22.000000 1.000000 
57170000.000000 5607.000000 13838.000000 18.000000 23.000000 
312850000.000000 14121.000000 12883.000000 -9.000000 21.000000 
164570000.000000 16106.000000 13321.000000 -4.000000 10.000000 
18930000.000000 6179.000000 6342.000000 -17.000000 3.000000 
282000000.000000 4645.000000 17011.000000 1.000000 -6.000000 
42510000.000000 326.000000 13967.000000 9.000000 -17.000000 
118640000.000000 3246.000000 17514.000000 -9.000000 -17.000000 
41410000.000000 308.000000 11775.000000 -2.000000 -13.000000 
5790000.000000 19619.000000 4265.000000 21.000000 21.000000 
33950000.000000 6658.000000 9568.000000 15.000000 8.000000 
40610000.000000 1969.000000 206.000000 10.000000 -1.000000 
165450000.000000 3597.000000 2232.000000 18.000000 -21.000000 
191830000.000000 19864.000000 4387.000000 -13.000000 -5.000000 
84940000.000000 3593.000000 305.000000 -7.000000 8.000000 
68520000.000000 4542.000000 5471.000000 10.000000 -3.000000 
33000000.000000 2068.000000 206.000000 11.000000 22.000000 
161790000.000000 7133.000000 2208.000000 -9.000000 10.000000 
112070000.000000 12300.000000 5086.000000 5.000000 9.000000 
204970000.000000 16410.000000 4064.000000 -14.000000 6.000000 
97500000.000000 8605.000000 535.000000 -17.000000 -22.000000 
134640000.000000 13382.000000 5303.000000 -24.000000 -9.000000 
91740000.000000 10052.000000 16207.000000 -17.000000 6.000000 
277170000.000000 8437.000000 9489.000000 19.000000 -5.000000 
70110000.000000 1872.000000 12653.000000 -13.000000 2.000000 
23510000.000000 3668.000000 16214.000000 18.000000 9.000000 
14580000.000000 18837.000000 994.000000 -9.000000 24.000000 
235500000.000000 13565.000000 10647.000000 -13.000000 19.000000 
292780000.000000 15336.000000 4843.000000 -22.000000 0.000000 
71220000.000000 647.000000 11750.000000 13.000000 -15.000000 
314200000.000000 15542.000000 19209.000000 6.000000 22.000000 
227550000.000000 10422.000000 10427.000000 6.000000 -12.000000 
27020000.000000 14046.000000 12475.000000 12.000000 3.000000 
221850000.000000 15065.000000 6483.000000 -23.000000 22.000000 
117850000.000000 5680.000000 406.000000 16.000000 20.000000 
48000000.000000 8583.000000 19313.000000 -20.000000 -25.000000 
246470000.000000 16549.000000 3566.000000 22.000000 14.000000 
204620000.000000 8520.000000 7050.000000 -10.000000 10.000000 
6070000.000000 2437.000000 9203.000000 -7.000000 -1.000000 
22860000.000000 15093.000000 5692.000000 10.000000 -11.000000 
6990000.000000 10230.000000 7949.000000 21.000000 -10.000000 
176500000.000000 3092.000000 7171.000000 19.000000 6.000000 
75240000.000000 5778.000000 13751.000000 1.000000 20.000000 
307100000.000000 19893.000000 14511.000000 13.000000 16.000000 
208180000.000000 10222.000000 8014.000000 -22.000000 -22.000000 
295360000.000000 15178.000000 4897.000000 -15.000000 -24.000000 
317620000.000000 7224.000000 9973.000000 19.000000 -6.000000 
326310000.000000 5278.000000 18934.000000 5.000000 11.000000 
215600000.000000 11862.000000 2059.000000 -10.000000 -5.000000 
53130000.000000 17503.000000 2166.000000 19.000000 -15.000000 
11350000.000000 9495.000000 3318.000000 11.000000 1.000000 
256700000.000000 15805.000000 2614.000000 20.000000 -2.000000 
174620000.000000 5156.000000 1136.000000 11.000000 -10.000000 
650000.000000 15584.000000 10796.000000 22.000000 22.000000 
185560000.000000 10043.000000 7370.000000 13.000000 -4.000000 
48210000.000000 16716.000000 6162.000000 -19.000000 18.000000 
55710000.000000 19519.000000 10003.000000 -21.000000 -25.000000 
140020000.000000 9833.000000 10049.000000 14.000000 -19.000000 
282680000.000000 5339.000000 11675.000000 10.000000 24.000000 
178790000.000000 12197.000000 7759.000000 -7.000000 -11.000000 
70030000.000000 19592.000000 1640.000000 -4.000000 19.000000 
237590000.000000 4052.000000 7154.000000 23.000000 -16.000000 
292070000.000000 6622.000000 7970.000000 9.000000 4.000000 
299850000.000000 11539.000000 4698.000000 -9.000000 -10.000000 
48800000.000000 13590.000000 2261.000000 7.000000 -22.000000 
265640000.000000 8116.000000 16988.000000 24.000000 -9.000000 
132310000.000000 19712.000000 12253.000000 10.000000 -3.000000 
288840000.000000 10697.000000 16872.000000 -5.000000 -13.000000 
131510000.000000 11170.000000 1378.000000 1.000000 21.000000 
327480000.000000 11747.000000 2910.000000 14.000000 -11.000000 
19700000.000000 2614.000000 14816.000000 -9.000000 -19.000000 
196430000.000000 12215.000000 14717.000000 10.000000 -17.000000 
28860000.000000 4581.000000 12437.000000 1.000000 -10.000000 
240260000.000000 17175.000000 962.000000 -3.000000 14.000000 
153930000.000000 3694.000000 15339.000000 20.000000 -10.000000 
327520000.000000 6713.000000 2001.000000 8.000000 4.000000 
188360000.000000 9278.000000 8285.000000 24.000000 5.000000 
96270000.000000 2524.000000 10653.000000 13.000000 -5.000000 
181600000.000000 13722.000000 10429.000000 3.000000 24.000000 
237470000.000000 1522.000000 3631.000000 -12.000000 -10.000000 
162580000.000000 1975.000000 8524.000000 8.000000 -20.000000 
10830000.000000 4926.000000 5621.000000 -5.000000 -21.000000 
45410000.000000 13742.000000 12391.000000 1.000000 -12.000000 
176290000.000000 4729.000000 19071.000000 14.000000 12.000000 
129280000.000000 5962.000000 6410.000000 -2.000000 1.000000 
49990000.000000 13540.000000 7842.000000 -24.000000 -11.000000 
58300000.000000 6088.000000 9667.000000 -2.000000 -21.000000 
157760000.000000 13618.000000 8582.000000 21.000000 21.000000 
208180000.000000 8895.000000 12327.000000 7.000000 2.000000 
184500000.000000 7461.000000 1623.000000 12.000000 -1.000000 
171740000.000000 4975.000000 8070.000000 24.000000 5.000000 
186430000.000000 16224.000000 10732.000000 8.000000 11.000000 
246680000.000000 16473.000000 3665.000000 -22.000000 -12.000000 
280270000.000000 8213.000000 418.000000 20.000000 -19.000000 
209920000.000000 1214.000000 18611.000000 24.000000 5.000000 
95970000.000000 11129.000000 3486.000000 -16.000000 -19.000000 
289870000.000000 15762.000000 8295.000000 -23.000000 18.000000 
299350000.000000 5248.000000 3153.000000 5.000000 -24.000000 
55830000.000000 3458.000000 3825.000000 11.000000 11.000000 
238230000.000000 1466.000000 8213.000000 -12.000000 -16.000000 
147420000.000000 14531.000000 3436.000000 7.000000 19.000000 
66340000.000000 8411.000000 4984.000000 1.000000 15.000000 
250210000.000000 11777.000000 704.000000 -14.000000 -11.000000 
165830000.000000 1019.000000 8022.000000 19.000000 -5.000000 
238600000.000000 4840.000000 8991.000000 -12.000000 7.000000 
85160000.000000 5334.000000 19600.000000 -15.000000 -4.000000 
23380000.000000 4285.000000 5351.000000 -4.000000 13.000000 
151850000.000000 8390.000000 11291.000000 8.000000 15.000000 
162080000.000000 19363.000000 4362.000000 2.000000 -13.000000 
139290000.000000 3286.000000 4001.000000 -22.000000 -11.000000 
102220000.000000 1977.000000 2129.000000 -2.000000 -7.000000 
68320000.000000 19876.000000 721.000000 -20.000000 -14.000000 
120730000.000000 19327.000000 3193.000000 -10.000000 11.000000 
109840000.000000 7874.000000 18115.000000 10.000000 11.000000 
103300000.000000 6523.000000 14361.000000 -2.000000 13.000000 
139170000.000000 4280.000000 11106.000000 -10.000000 8.000000 
9900000.000000 4695.000000 16302.000000 -4.000000 1.000000 
72170000.000000 13051.000000 1.000000 -2.000000 21.000000 
148110000.000000 11539.000000 13379.000000 11.000000 -25.000000 
55510000.000000 8591.000000 16598.000000 0.000000 10.000000 
316090000.000000 8856.000000 15090.000000 10.000000 -25.000000 
173040000.000000 12689.000000 16254.000000 -24.000000 22.000000 
116090000.000000 1178.000000 9772.000000 -10.000000 16.000000 
313550000.000000 2839.000000 12789.000000 -14.000000 -14.000000 
290030000.000000 10148.000000 1069.000000 2.000000 19.000000 
298540000.000000 6003.000000 11740.000000 -19.000000 11.000000 
272940000.000000 11486.000000 2820.000000 8.000000 -7.000000 
296930000.000000 2448.000000 6288.000000 -19.000000 -9.000000 
162490000.000000 8472.000000 9497.000000 -14.000000 -23.000000 
34410000.000000 10150.000000 3802.000000 22.000000 16.000000 
294580000.000000 1564.000000 16603.000000 -24.000000 -10.000000 
240560000.000000 4064.000000 19233.000000 24.000000 8.000000 
245320000.000000 2255.000000 14899.000000 4.000000 12.000000 
239860000.000000 3258.000000 7230.000000 -14.000000 -16.000000 
96380000.000000 1870.000000 11993.000000 11.000000 17.000000 
286980000.000000 13995.000000 1871.000000 -16.000000 7.000000 
81750000.000000 1704.000000 6484.000000 12.000000 -17.000000 
182950000.000000 10841.000000 12531.000000 23.000000 -15.000000 
143510000.000000 8839.000000 15346.000000 20.000000 7.000000 
168030000.000000 15042.000000 14677.000000 -21.000000 5.000000 
318520000.000000 10213.000000 13535.000000 -14.000000 -14.000000 
78260000.000000 5665.000000 11924.000000 -16.000000 -24.000000 
64540000.000000 11900.000000 761.000000 -15.000000 -4.000000 
259260000.000000 1946.000000 2501.000000 11.000000 -8.000000 
306150000.000000 12821.000000 315.000000 4.000000 -20.000000 
25770000.000000 787.000000 6217.000000 18.000000 15.000000 
125250000.000000 1189.000000 4596.000000 -13.000000 6.000000 
3360000.000000 12480.000000 5608.000000 -10.000000 -3.000000 
325660000.000000 15093.000000 1187.000000 -4.000000 -24.000000 
276550000.000000 5036.000000 2704.000000 -16.000000 -1.000000 
125160000.000000 2468.000000 175.000000 -8.000000 4.000000 
20570000.000000 4395.000000 2889.000000 3.000000 15.000000 
137290000.000000 9169.000000 571.000000 17.000000 8.000000 
50030000.000000 12084.000000 5824.000000 8.000000 -9.000000 
273550000.000000 325.000000 11381.000000 -14.000000 -10.000000 
297840000.000000 7858.000000 10835.000000 -9.000000 -23.000000 
128140000.000000 10384.000000 11045.000000 -16.000000 16.000000 
156150000.000000 19252.000000 7658.000000 19.000000 -8.000000 
246020000.000000 10630.000000 1981.000000 19.000000 24.000000 
119470000.000000 19295.000000 12664.000000 -7.000000 -23.000000 
31200000.000000 1617.000000 9908.000000 21.000000 -12.000000 
93630000.000000 8013.000000 6016.000000 -24.000000 21.000000 
322870000.000000 1624.000000 12609.000000 7.000000 -15.000000 
322790000.000000 18596.000000 10579.000000 21.000000 9.000000 
181770000.000000 4495.000000 9664.000000 13.000000 0.000000 
120420000.000000 13383.000000 6553.000000 0.000000 10.000000 
155120000.000000 5861.000000 6900.000000 -1.000000 -2.000000 
106840000.000000 11405.000000 10895.000000 4.000000 -3.000000 
283810000.000000 9549.000000 6139.000000 22.000000 -25.000000 
278360000.000000 14630.000000 8533.000000 15.000000 15.000000 
42410000.000000 3284.000000 2963.000000 -15.000000 -23.000000 
118840000.000000 13717.000000 6440.000000 -6.000000 24.000000 
324640000.000000 6093.000000 131.000000 -12.000000 17.000000 
314530000.000000 8515.000000 4350.000000 -7.000000 4.000000 
268630000.000000 9963.000000 6172.000000 -23.000000 -19.000000 
114050000.000000 957.000000 8562.000000 -24.000000 -3.000000 
248820000.000000 578.000000 12025.000000 -13.000000 -24.000000 
17900000.000000 12378.000000 17519.000000 -17.000000 -11.000000 
102700000.000000 8500.000000 4543.000000 23.000000 20.000000 
292450000.000000 5978.000000 11449.000000 13.000000 -2.000000 
80500000.000000 2025.000000 11249.000000 -4.000000 7.000000 
309300000.000000 12767.000000 8793.000000 4.000000 3.000000 
202310000.000000 15971.000000 8658.000000 -1.000000 -8.000000 
178450000.000000 11565.000000 11272.000000 -6.000000 4.000000 
54240000.000000 1587.000000 1706.000000 -14.000000 16.000000 
15880000.000000 4790.000000 17700.000000 -23.000000 15.000000 
197820000.000000 662.000000 15273.000000 -19.000000 -17.000000 
214890000.000000 2329.000000 3758.000000 18.000000 -14.000000 
149910000.000000 1478.000000 12288.000000 18.000000 -22.000000 
136700000.000000 3842.000000 10418.000000 -18.000000 -24.000000 
109070000.000000 94.000000 14405.000000 -6.000000 -10.000000 
265100000.000000 3248.000000 9469.000000 0.000000 -12.000000 
229850000.000000 8772.000000 4223.000000 6.000000 13.000000 
45080000.000000 11070.000000 10665.000000 -20.000000 -17.000000 
321580000.000000 4796.000000 7179.000000 5.000000 -5.000000 
194440000.000000 9326.000000 13812.000000 3.000000 13.000000 
174130000.000000 2539.000000 10362.000000 -11.000000 10.000000 
55620000.000000 1002.000000 4498.000000 -11.000000 -13.000000 
255280000.000000 17743.000000 17176.000000 -6.000000 -3.000000 
1810000.000000 14058.000000 17022.000000 -16.000000 13.000000 
228860000.000000 10270.000000 19836.000000 8.000000 0.000000 
44420000.000000 10215.000000 19101.000000 24.000000 -1.000000 
282390000.000000 3724.000000 19155.000000 11.000000 12.000000 
85020000.000000 1161.000000 4540.000000 -11.000000 -24.000000 
308220000.000000 15171.000000 11679.000000 -20.000000 13.000000 
30910000.000000 3047.000000 10311.000000 14.000000 -24.000000 
146580000.000000 5358.000000 2372.000000 -13.000000 16.000000 
93570000.000000 17909.000000 4097.000000 -10.000000 -25.000000 
103390000.000000 4398.000000 17275.000000 7.000000 -2.000000 
273820000.000000 7326.000000 13406.000000 -4.000000 -2.000000 
78290000.000000 3857.000000 10659.000000 23.000000 -12.000000 
229560000.000000 2190.000000 1180.000000 23.000000 -23.000000 
49840000.000000 17662.000000 1568.000000 17.000000 -16.000000 
236420000.000000 4637.000000 1283.000000 -9.000000 -24.000000 
152140000.000000 2936.000000 19891.000000 -17.000000 14.000000 
173410000.000000 13951.000000 7323.000000 -5.000000 10.000000 
91020000.000000 12613.000000 3783.000000 -24.000000 20.000000 
199300000.000000 7616.000000 5809.000000 11.000000 -1.000000 
149140000.000000 3383.000000 15440.000000 -19.000000 -12.000000 
150530000.000000 15923.000000 14125.000000 -16.000000 -12.000000 
221960000.000000 4398.000000 13926.000000 18.000000 2.000000 
288280000.000000 13541.000000 1374.000000 -12.000000 24.000000 
57050000.000000 7886.000000 8101.000000 -12.000000 19.000000 
298690000.000000 1961.000000 231.000000 -13.000000 -6.000000 
78520000.000000 12729.000000 1186.000000 -6.000000 22.000000 
40530000.000000 9215.000000 1343.000000 6.000000 5.000000 
195120000.000000 722.000000 3427.000000 5.000000 24.000000 
230620000.000000 2982.000000 8011.000000 12.000000 19.000000 
245190000.000000 17738.000000 1129.000000 22.000000 0.000000 
157550000.000000 6220.000000 7247.000000 7.000000 -22.000000 
113120000.000000 5298.000000 431.000000 9.000000 -13.000000 
194690000.000000 1609.000000 550.000000 -24.000000 -4.000000 
253320000.000000 3907.000000 6272.000000 4.000000 -9.000000 
65550000.000000 8772.000000 2290.000000 -6.000000 -14.000000 
166260000.000000 5367.000000 9883.000000 20.000000 -12.000000 
157520000.000000 18276.000000 14456.000000 -7.000000 -8.000000 
202440000.000000 142.000000 9977.000000 22.000000 -3.000000 
140750000.000000 5586.000000 16247.000000 -16.000000 4.000000 
850000.000000 13837.000000 8599.000000 14.000000 -10.000000 
177430000.000000 1578.000000 14361.000000 -9.000000 -22.000000 
321460000.000000 832.000000 12905.000000 14.000000 -8.000000 
254100000.000000 19047.000000 3516.000000 -21.000000 8.000000 
145870000.000000 7298.000000 5480.000000 -11.000000 -16.000000 
31090000.000000 9923.000000 9338.000000 20.000000 -17.000000 
159210000.000000 12537.000000 5337.000000 7.000000 -21.000000 
216060000.000000 6924.000000 2295.000000 -14.000000 13.000000 
289930000.000000 8044.000000 6329.000000 -15.000000 21.000000 
151440000.000000 1479.000000 7753.000000 -16.000000 -3.000000 
241010000.000000 6896.000000 11675.000000 23.000000 6.000000 
1980000.000000 17176.000000 19569.000000 16.000000 -2.000000 
111250000.000000 3247.000000 881.000000 11.000000 -18.000000 
200860000.000000 778.000000 19256.000000 24.000000 -1.000000 
16370000.000000 14639.000000 4895.000000 8.000000 -24.000000 
95770000.000000 3.000000 17588.000000 -5.000000 -11.000000 
172280000.000000 11966.000000 2469.000000 -12.000000 -23.000000 
286900000.000000 3635.000000 10239.000000 -23.000000 -25.000000 
177290000.000000 11034.000000 5734.000000 10.000000 0.000000 
160050000.000000 19386.000000 6504.000000 22.000000 -24.000000 
226760000.000000 5377.000000 10543.000000 8.000000 -16.000000 
161350000.000000 3219.000000 10401.000000 -23.000000 13.000000 
223210000.000000 11509.000000 7606.000000 1.000000 1.000000 
302760000.000000 3188.000000 11162.000000 2.000000 -10.000000 
315270000.000000 11799.000000 3967.000000 6.000000 -10.000000 
99330000.000000 14260.000000 7373.000000 -23.000000 -24.000000 
7490000.000000 5253.000000 2030.000000 16.000000 0.000000 
199080000.000000 1283.000000 9950.000000 -21.000000 -11.000000 
31050000.000000 13598.000000 12720.000000 17.000000 18.000000 
109850000.000000 15664.000000 12581.000000 -15.000000 -10.000000 
73640000.000000 9303.000000 5564.000000 -2.000000 -9.000000 
11180000.000000 10350.000000 18774.000000 1.000000 21.000000 
21310000.000000 12176.000000 2718.000000 -18.000000 -4.000000 
191610000.000000 12355.000000 2979.000000 18.000000 10.000000 
13180000.000000 2880.000000 876.000000 24.000000 12.000000 
2970000.000000 15230.000000 11283.000000 -4.000000 -22.000000 
122790000.000000 16272.000000 4854.000000 -14.000000 19.000000 
251360000.000000 9379.000000 19674.000000 -4.000000 -8.000000 
139560000.000000 4485.000000 7875.000000 -15.000000 6.000000 
170870000.000000 5495.000000 4123.000000 -20.000000 7.000000 
162940000.000000 5925.000000 10125.000000 21.000000 -22.000000 
104940000.000000 4622.000000 14874.000000 2.000000 -8.000000 
139150000.000000 3836.000000 13677.000000 21.000000 -14.000000 
64630000.000000 521.000000 2187.000000 11.000000 18.000000 
119130000.000000 3493.000000 19445.000000 5.000000 -21.000000 
144510000.000000 18724.000000 152.000000 -6.000000 -7.000000 
321400000.000000 529.000000 10100.000000 19.000000 -16.000000 
119240000.000000 14470.000000 9694.000000 -9.000000 -3.000000 
96770000.000000 2390.000000 19373.000000 13.000000 -3.000000 
142760000.000000 2550.000000 15917.000000 -10.000000 -18.000000 
112470000.000000 19373.000000 9618.000000 20.000000 7.000000 
84380000.000000 7255.000000 4558.000000 24.000000 18.000000 
95620000.000000 4912.000000 11033.000000 13.000000 16.000000 
54550000.000000 5087.000000 5725.000000 -20.000000 -7.000000 
69530000.000000 3635.000000 11400.000000 8.000000 -7.000000 
132300000.000000 15018.000000 4474.000000 1.000000 -14.000000 
25010000.000000 7079.000000 17553.000000 -4.000000 2.000000 
286670000.000000 19985.000000 5147.000000 -4.000000 6.000000 
94030000.000000 11084.000000 8814.000000 22.000000 -3.000000 
230710000.000000 14702.000000 3880.000000 10.000000 3.000000 
265000000.000000 11207.000000 7485.000000 5.000000 -15.000000 
53470000.000000 851.000000 11754.000000 -3.000000 -18.000000 
121240000.000000 9318.000000 4941.000000 21.000000 -24.000000 
84510000.000000 11138.000000 6380.000000 -25.000000 21.000000 
285130000.000000 5408.000000 5057.000000 20.000000 -24.000000 
136200000.000000 5641.000000 6407.000000 12.000000 -11.000000 
224090000.000000 7223.000000 1035.000000 3.000000 -22.000000 
148360000.000000 12298.000000 8394.000000 -25.000000 7.000000 
205300000.000000 5635.000000 5172.000000 13.000000 6.000000 
144210000.000000 3220.000000 19621.000000 6.000000 -12.000000 
182670000.000000 9704.000000 7079.000000 -5.000000 -12.000000 
115640000.000000 9635.000000 3704.000000 7.000000 -1.000000 
188870000.000000 16077.000000 10359.000000 11.000000 21.000000 
200380000.000000 14396.000000 18295.000000 13.000000 -4.000000 
45050000.000000 12048.000000 17670.000000 -14.000000 -13.000000 
300940000.000000 4504.000000 10663.000000 24.000000 -6.000000 
258930000.000000 6467.000000 1220.000000 -17.000000 -2.000000 
98040000.000000 10218.000000 7029.000000 -12.000000 -16.000000 
92320000.000000 1533.000000 3180.000000 3.000000 5.000000 
27900000.000000 6070.000000 4035.000000 21.000000 -6.000000 
15230000.000000 17470.000000 4837.000000 14.000000 2.000000 
281070000.000000 762.000000 985.000000 -9.000000 -24.000000 
95040000.000000 954.000000 2478.000000 12.000000 18.000000 
77890000.000000 19996.000000 471.000000 4.000000 0.000000 
187390000.000000 10121.000000 7943.000000 18.000000 3.000000 
316040000.000000 6096.000000 2408.000000 -13.000000 -21.000000 
206320000.000000 6733.000000 2855.000000 -1.000000 16.000000 
34730000.000000 18871.000000 54.000000 -4.000000 -12.000000 
259070000.000000 9224.000000 9581.000000 5.000000 -13.000000 
191050000.000000 74.000000 10969.000000 1.000000 -1.000000 
101800000.000000 3551.000000 6217.000000 -6.000000 -2.000000 
202120000.000000 11948.000000 5208.000000 -20.000000 5.000000 
324510000.000000 5627.000000 12840.000000 4.000000 -9.000000 
110050000.000000 5526.000000 12336.000000 -18.000000 -16.000000 
22450000.000000 1377.000000 8886.000000 -15.000000 -4.000000 
239880000.000000 19638.000000 12194.000000 -8.000000 18.000000 
101530000.000000 12355.000000 103.000000 2.000000 -21.000000 
185370000.000000 10149.000000 1164.000000 -13.000000 18.000000 
2890000.000000 12525.000000 47.000000 -3.000000 0.000000 
263460000.000000 9875.000000 14792.000000 -15.000000 -14.000000 
313140000.000000 7652.000000 3372.000000 17.000000 23.000000 
284440000.000000 16575.000000 18594.000000 -19.000000 -5.000000 
285720000.000000 9995.000000 4044.000000 5.000000 0.000000 
157340000.000000 9914.000000 2614.000000 8.000000 14.000000 
17400000.000000 7946.000000 3039.000000 -12.000000 -7.000000 
122980000.000000 2360.000000 13224.000000 17.000000 -19.000000 
187590000.000000 11060.000000 16653.000000 -25.000000 -25.000000 
225230000.000000 13647.000000 17485.000000 14.000000 -22.000000 
12660000.000000 11920.000000 678.000000 -23.000000 24.000000 
188250000.000000 10947.000000 12086.000000 17.000000 -6.000000 
55920000.000000 11643.000000 6511.000000 7.000000 -19.000000 
238460000.000000 9049.000000 6058.000000 -2.000000 -23.000000 
327430000.000000 11007.000000 7349.000000 24.000000 15.000000 
307670000.000000 6406.000000 297.000000 24.000000 9.000000 
305220000.000000 2666.000000 6307.000000 1.000000 -17.000000 
5640000.000000 7987.000000 14701.000000 -23.000000 22.000000 
283580000.000000 1971.000000 12097.000000 2.000000 -6.000000 
51190000.000000 7919.000000 10858.000000 -11.000000 -1.000000 
205810000.000000 6250.000000 12123.000000 5.000000 23.000000 
163080000.000000 9793.000000 952.000000 1.000000 3.000000 
283120000.000000 17348.000000 3675.000000 24.000000 -9.000000 
76210000.000000 14661.000000 10926.000000 -25.000000 7.000000 
244330000.000000 10631.000000 646.000000 -6.000000 9.000000 
83310000.000000 10214.000000 8854.000000 13.000000 -10.000000 
44870000.000000 16163.000000 763.000000 11.000000 24.000000 
83830000.000000 3840.000000 5599.000000 -21.000000 24.000000 
242940000.000000 17811.000000 14142.000000 -17.000000 5.000000 
120860000.000000 19891.000000 12286.000000 4.000000 3.000000 
305460000.000000 98.000000 2042.000000 5.000000 -10.000000 
31980000.000000 7900.000000 2138.000000 -10.000000 11.000000 
5990000.000000 19433.000000 15231.000000 20.000000 -15.000000 
177480000.000000 7394.000000 9751.000000 11.000000 -8.000000 
89610000.000000 921.000000 15236.000000 -21.000000 -21.000000 
274050000.000000 428.000000 2458.000000 1.000000 9.000000 
251360000.000000 1685.000000 1370.000000 -24.000000 -10.000000 
167410000.000000 5859.000000 5373.000000 -7.000000 -25.000000 
168590000.000000 10310.000000 1101.000000 -14.000000 18.000000 
59690000.000000 18924.000000 468.000000 19.000000 -3.000000 
109570000.000000 15153.000000 8746.000000 4.000000 0.000000 
263170000.000000 12277.000000 8933.000000 17.000000 22.000000 
224230000.000000 4244.000000 1763.000000 -8.000000 -17.000000 
224500000.000000 761.000000 11204.000000 14.000000 -15.000000 
89090000.000000 10450.000000 3974.000000 -2.000000 -22.000000 
276770000.000000 10009.000000 11389.000000 -22.000000 -12.000000 
9750000.000000 3359.000000 1252.000000 -6.000000 -20.000000 
2480000.000000 2628.000000 3240.000000 24.000000 -14.000000 
237180000.000000 612.000000 8216.000000 -11.000000 -18.000000 
316350000.000000 8643.000000 14263.000000 10.000000 -13.000000 
216910000.000000 534.000000 5937.000000 13.000000 -7.000000 
14000000.000000 14691.000000 12394.000000 8.000000 21.000000 
101060000.000000 7699.000000 1485.000000 -22.000000 8.000000 
107200000.000000 723.000000 2087.000000 -19.000000 22.000000 
233240000.000000 11585.000000 2082.000000 -6.000000 -12.000000 
52330000.000000 6122.000000 2243.000000 -8.000000 -8.000000 
49050000.000000 140.000000 9165.000000 21.000000 1.000000 
100260000.000000 15427.000000 19690.000000 -25.000000 -18.000000 
295590000.000000 5061.000000 11004.000000 -4.000000 13.000000 
116970000.000000 14107.000000 4798.000000 12.000000 -2.000000 
70810000.000000 11010.000000 11725.000000 14.000000 -16.000000 
118590000.000000 1056.000000 9065.000000 20.000000 -9.000000 
308520000.000000 16742.000000 1984.000000 -15.000000 11.000000 
198370000.000000 1465.000000 11515.000000 6.000000 -12.000000 
203710000.000000 12276.000000 9027.000000 17.000000 18.000000 
303300000.000000 7485.000000 2494.000000 -3.000000 -16.000000 
212230000.000000 5291.000000 11557.000000 10.000000 23.000000 
52960000.000000 13762.000000 11828.000000 -15.000000 -12.000000 
15350000.000000 12238.000000 3161.000000 -14.000000 -16.000000 
109440000.000000 11046.000000 10070.000000 12.000000 4.000000 
66860000.000000 1896.000000 19944.000000 18.000000 -23.000000 
43880000.000000 9502.000000 900.000000 -25.000000 -4.000000 
306110000.000000 7823.000000 9957.000000 10.000000 2.000000 
113400000.000000 691.000000 19543.000000 -21.000000 7.000000 
150360000.000000 18007.000000 12802.000000 24.000000 1.000000 
26390000.000000 3666.000000 2246.000000 -2.000000 9.000000 
201830000.000000 8683.000000 8184.000000 -14.000000 11.000000 
88500000.000000 669.000000 7523.000000 -25.000000 4.000000 
219730000.000000 15911.000000 1659.000000 3.000000 11.000000 
302540000.000000 11418.000000 17564.000000 10.000000 -9.000000 
9720000.000000 114.000000 5973.000000 -11.000000 6.000000 
76330000.000000 15349.000000 14429.000000 11.000000 -5.000000 
198980000.000000 16058.000000 14141.000000 10.000000 -24.000000 
313350000.000000 1942.000000 3089.000000 -9.000000 3.000000 
58210000.000000 2192.000000 11332.000000 -3.000000 15.000000 
204440000.000000 4178.000000 1323.000000 -11.000000 -20.000000 
132880000.000000 329.000000 15052.000000 21.000000 16.000000 
75950000.000000 8451.000000 14976.000000 8.000000 1.000000 
323420000.000000 5717.000000 13959.000000 -13.000000 -12.000000 
79640000.000000 2251.000000 1916.000000 9.000000 6.000000 
31310000.000000 13675.000000 3860.000000 -9.000000 17.000000 
34190000.000000 11565.000000 12406.000000 -6.000000 -18.000000 
237960000.000000 18967.000000 8620.000000 12.000000 13.000000 
